50 34 22 57 27 33 51 53 47 62 39 88 47 14 16 29 22 59 45 61 68 23 6 52 55 66 70 96 93 89 95 37 20 32 97 31 38 42 49 70 97 9 68 32 94 8 46 28 63 56 13 2 76 51 57 13 77 11 9 59 12 83 8 35 19 69 10 39 44 36 68 36 36 4 88 44 60 74 93 96 12 53 48 28 85 96 4 30 35 82 79 19 51 20 98 16 18 53 80 4 61 95 46 63 82 53 1 76 22 35 48 2 80 86 27 51 77 27 29 91 67 63 99 56 45 22 52 3 95 57 88 89 85 59 8 60 56 63 50 16 91 19 67 35 77 89 24 9 57 31 64 80 71 86 40 30 32 48 23 84 26 65 21 83 87 8 9 80 34 77 49 79 59 40 28 19 43 9 6 0 65 46 60 76 82 93 57 10 54 93 11 96 27 76 30 63 41 85 5 5 32 96 7 3 32 82 49 87 56 22 74 45 51 46 18 72 94 51 59 79 33 92 48 54 7 29 21 53 9 86 15 98 56 70 12 66 94 39 4 37 46 21 81 56 89 25 38 12 91 38 27 60 35 83 59 24 58 56 80 92 32 58 3 94 4 72 55 1 11 33 49 60 11 62 4 7 1 33 67 55 41 28 47 52 94 90 34 3 85 80 80 4 12 80 44 53 62 75 40 12 28 10 68 82 30 49 0 99 65 19 50 30 58 36 87 86 28 69 30 92 15 74 4 78 83 85 71 77 1 15 91 86 99 33 68 43 51 98 56 72 26 21 6 1 66 26 8 49 25 94 41 8 66 45 17 94 39 16 29 67 59 25 46 58 15 65 97 97 91 30 98 91 6 44 70 28 66 52 54 93 66 70 80 14 8 69 54 2 75 96 74 69 11 76 95 3 83 25 28 57 8 42 55 89 36 60 34 15 35 69 45 47 77 92 81 95 18 44 85 98 78 11 84 68 77 46 57 67 4 67 77 87 92 48 25 29 9 68 61 51 87 19 50 26 53 27 39 40 96 63 11 89 26 4 92 41 48 97 47 48 70 50 43 32 15 6 35 23 17 74 46 40 48 69 40 45 71 78 19 21 26 81 89 13 85 59 23 52 47 35 20 58 15 41 99 9 17 47 46 76
20
69 18 47 71 48 86 61 14 72 85 2 0 6 56 40 1 49 50 75 96 71 94 5 47 36 67 37 94 58 59 76 38 16 57 18 64 74 51 44 85 46 40 9 48 98 17 61 3 37 90 2 35 74 47 26 21 20 79 38 30 33 33 1 90 87 73 8 34 91 51 98 70 80 56 8 96 61 62 40 37 54 17 76 27 50 1 28 3 18 15 73 53 11 67 10 31 55 7 28 94
43 87 20 28 60 81 53 73 42 47 82 21 96 33 47 49 47 50 73 85 56 22 66 33 22 17 49 98 45 71 4 60 8 93 56 81 62 61 84 29 97 9 77 83 7 50 51 15 38 83 30 86 67 90 5 46 62 63 99 97 86 11 59 85 46 93 5 66 23 62 85 79 73 18 74 34 33 17 23 52 46 85 0 16 62 74 11 83 98 77 29 89 65 51 96 28 77 45 92 87
94 15 98 64 33 12 12 40 48 84 7 1 91 47 4 54 48 98 90 35 83 41 84 74 8 62 72 6 72 8 91 43 71 9 36 54 11 56 73 48 97 2 71 56 94 70 49 51 20 16 58 85 25 61 12 90 0 79 33 21 37 43 99 42 71 0 92 10 38 24 25 43 79 51 58 48 52 43 39 72 6 95 59 31 25 71 95 24 50 11 69 79 23 78 78 97 58 28 86 83
64 8 55 38 68 33 8 95 8 21 92 88 13 69 64 17 93 75 21 17 54 82 3 79 0 66 79 25 43 8 21 94 69 47 72 62 44 44 33 54 60 34 51 87 43 5 73 75 9 54 7 34 99 51 25 8 36 50 37 76 98 8 97 43 38 5 58 47 56 91 53 72 11 51 29 57 37 25 8 83 9 44 2 4 77 87 10 31 80 94 70 22 84 93 21 76 81 67 99 18
72 55 66 89 82 3 66 67 78 34 69 66 26 16 19 95 49 0 29 41 42 57 38 91 58 18 45 52 3 5 96 9 14 96 39 3 7 24 70 66 20 74 26 0 19 87 96 81 85 18 15 13 86 10 87 0 89 98 23 53 88 90 82 72 25 56 44 30 31 86 32 28 53 34 94 39 83 74 72 90 77 83 79 22 83 92 24 48 46 92 71 34 33 81 28 80 59 0 4 78
32 86 31 65 25 86 81 54 14 24 29 84 91 97 29 10 80 68 34 21 27 99 92 87 29 89 39 19 34 69 0 66 78 46 21 17 60 83 86 56 71 75 57 16 25 27 38 0 32 64 70 95 28 69 42 87 43 73 83 70 60 20 76 27 13 72 4 34 1 64 37 93 35 38 1 37 32 44 10 34 74 66 5 55 27 69 1 52 54 54 6 82 69 38 95 65 2 52 52 75
77 1 77 40 31 74 95 23 10 10 31 27 10 41 95 36 95 26 91 74 48 50 36 79 73 51 86 85 3 65 28 64 7 41 36 25 33 29 99 30 54 41 28 29 24 74 37 21 39 80 47 95 47 61 22 72 28 83 73 22 75 83 48 31 15 39 37 11 35 82 33 0 87 45 93 80 77 53 97 60 26 35 43 3 88 31 36 19 57 42 58 21 74 0 88 5 40 27 87 50
24 88 97 69 11 24 69 52 55 53 57 70 80 27 2 27 35 4 60 56 89 43 55 94 3 80 72 81 62 26 51 7 13 45 95 7 86 88 84 12 16 9 67 90 14 16 87 57 25 37 6 44 90 97 73 66 6 4 52 71 74 96 22 9 27 57 7 39 32 15 68 97 92 46 33 29 26 15 98 33 32 97 43 1 39 93 97 94 68 9 17 38 86 16 92 62 90 38 22 57
29 45 49 47 37 75 26 60 62 39 63 92 56 99 68 56 9 57 32 98 61 95 98 78 32 90 60 62 5 34 71 53 24 61 66 7 29 1 23 31 96 43 89 95 18 90 35 70 38 70 18 24 43 38 47 83 39 5 96 43 44 91 72 74 99 25 65 44 16 20 47 62 69 73 7 60 98 24 71 27 99 54 31 46 56 26 14 3 7 21 62 18 64 75 59 42 41 78 23 97
99 92 88 51 60 30 44 35 89 23 50 89 32 45 12 47 66 80 70 91 83 33 7 40 99 11 65 60 82 86 70 49 34 13 39 96 69 22 0 11 73 71 76 17 92 29 5 1 44 48 34 44 79 1 0 72 11 71 35 40 99 69 1 74 61 60 84 88 11 92 8 64 46 92 67 6 16 4 71 24 61 10 92 14 39 40 58 8 13 10 27 99 94 59 90 72 17 13 17 74
19 94 86 51 5 45 6 57 82 46 47 77 33 16 14 42 25 68 97 38 34 3 34 65 24 68 68 7 56 43 78 44 83 60 31 61 19 70 48 19 2 68 69 70 38 50 46 47 13 44 88 49 34 11 93 62 99 33 91 56 3 93 71 46 52 63 40 25 61 67 92 38 77 56 0 89 36 25 96 45 54 31 65 42 42 90 92 75 26 2 53 54 52 22 63 48 43 53 44 91
29 35 28 91 61 2 3 90 73 35 24 56 89 50 54 35 22 57 95 71 68 20 49 40 85 28 28 41 15 9 50 19 41 28 50 83 8 30 42 59 76 86 79 89 20 0 41 9 76 68 42 44 29 64 91 51 7 49 1 25 16 83 34 75 60 6 83 20 66 3 97 3 45 86 5 19 40 39 77 24 85 87 3 30 15 34 16 33 26 47 28 67 95 28 27 42 98 69 23 99
66 51 26 72 57 32 11 59 34 97 50 44 18 36 29 18 83 53 53 28 31 54 26 0 46 9 46 75 47 44 7 65 42 21 65 23 96 80 8 26 90 36 8 89 17 4 71 39 54 16 46 31 49 98 61 0 94 63 51 36 29 79 93 41 71 19 92 28 0 25 55 76 57 11 86 24 89 62 38 67 88 14 92 17 75 42 80 63 66 79 41 47 46 43 41 45 68 0 33 47
58 72 36 24 88 31 43 69 50 27 41 67 12 46 11 20 48 8 37 28 58 56 44 20 77 27 57 34 61 94 27 94 80 67 77 96 54 3 57 22 97 17 63 79 60 17 84 0 12 30 18 21 84 93 34 45 64 25 29 71 19 87 69 26 99 50 65 17 44 52 77 90 73 85 84 59 56 18 3 66 18 78 56 30 5 48 63 37 92 3 21 73 47 63 24 55 68 68 63 3
11 8 16 99 64 39 93 77 71 70 45 13 19 83 64 14 53 84 94 77 9 45 62 63 3 13 31 65 31 90 9 28 53 5 69 29 9 3 14 3 59 99 34 19 57 63 34 31 0 19 32 44 37 50 51 87 29 35 21 21 50 84 50 92 2 80 3 13 90 89 88 83 52 99 95 23 73 97 87 8 38 24 98 51 3 59 60 48 29 36 69 17 50 46 33 25 80 11 75 35
71 48 19 44 76 15 64 85 44 48 57 31 56 65 20 56 94 35 38 89 49 68 41 50 60 6 30 0 20 62 45 44 91 13 8 22 21 89 81 60 30 82 99 79 13 75 8 25 84 4 8 48 64 90 5 87 1 9 85 98 11 61 16 26 73 16 34 48 12 11 89 37 82 75 59 34 99 27 60 82 50 96 3 3 90 14 2 1 38 77 68 85 34 23 78 89 22 91 7 93
82 33 47 70 21 74 88 40 33 31 83 41 5 86 74 52 29 69 92 44 90 37 1 94 62 55 40 58 13 5 93 36 72 56 80 98 63 90 34 93 9 15 5 24 85 81 33 14 46 53 46 93 15 87 31 45 82 85 33 21 34 44 47 54 46 67 73 14 66 95 19 54 62 69 61 99 83 2 50 52 31 97 12 76 82 87 90 59 98 56 87 77 83 25 94 28 1 55 25 18
7 44 56 88 6 34 22 23 17 84 31 50 50 91 96 61 21 32 74 35 63 96 55 60 95 78 40 5 22 70 65 90 7 53 43 64 30 12 71 46 73 94 22 66 64 13 9 49 99 23 14 79 79 94 83 47 36 34 81 91 45 59 71 71 3 72 57 89 37 57 66 84 60 82 70 6 86 57 50 15 75 72 55 21 16 42 52 88 63 95 66 98 11 41 58 98 19 41 17 40
58 62 75 27 68 61 86 59 13 28 2 89 91 8 13 88 19 82 48 24 25 91 3 30 3 78 77 27 39 19 52 85 10 35 69 13 58 14 43 47 78 61 38 48 51 87 10 15 95 85 62 89 28 47 49 98 22 66 38 14 33 24 11 71 65 15 76 38 57 51 52 20 89 98 65 4 28 5 57 55 77 37 75 38 80 0 92 43 97 43 8 59 62 50 28 4 18 43 78 14
95 19 79 55 95 80 35 11 80 65 97 38 52 87 69 79 69 76 6 33 98 11 65 86 18 83 62 61 46 79 54 56 30 80 7 61 94 31 72 98 47 6 57 38 90 67 99 55 13 73 94 88 12 80 37 91 88 21 97 27 46 73 66 44 80 88 76 22 6 76 57 76 14 71 56 57 83 52 50 59 78 0 77 55 78 75 74 92 19 34 42 36 14 56 92 8 56 93 31 93